function [L1,L2,L3,L4,L5,L6,mu] = linkLengths ()
    L1 = 17.45/100; % left link
    L2 = 17.45/100; % right link
    L3 = 29.55/100; % right link
    L4 = 30/100; % left link
    L5 = 12/100;
    L6 = 4.25/100;
    mu = 135*pi/180;
end
